4294967279,57
4294967279,56
4294967279,55
4294967279,54
4294967279,53
4294967279,52
4294967279,51
4294967279,50
4294967279,49
4294967279,48
4294967279,47
4294967279,46
4294967279,45
4294967279,44
4294967279,43
4294967279,96
4294967279,95
4294967279,94
4294967279,93
4294967279,92
4294967279,91
4294967279,90
4294967279,89
4294967279,87
4294967279,86
4294967279,85
4294967279,84
4294967279,83
4294967279,82
4294967279,81
4294967279,80
4294967279,79
4294967279,78
4294967279,74
4294967279,73
4294967279,72
4294967279,71
4294967279,70
4294967279,69
4294967279,68
4294967279,67
4294967279,66
4294967279,65
4294967279,64
4294967279,63
4294967279,62
4294967279,61
4294967279,60
4294967279,59
4294967279,58
4294967279,77
4294967278,355
4294967279,76
4294967278,354
4294967279,75
4294967279,188
4294967279,187
4294967279,186
4294967279,185
4294967278,33
4294967278,31
4294967278,30
4294967278,29
4294967278,28
4294967278,27
4294967278,26
4294967278,22
4294967278,20
4294967278,19
4294967278,18
4294967278,17
4294967278,16
4294967278,15
4294967278,14
4294967278,13
4294967278,9
4294967278,7
4294967278,6
4294967278,5
4294967278,4
4294967279,131
4294967279,258
4294967279,130
4294967279,129
4294967279,128
4294967279,257
4294967279,127
4294967279,126
4294967279,125
4294967279,124
4294967279,123
4294967279,253
4294967279,122
4294967279,121
4294967279,120
4294967279,247
4294967279,119
4294967279,118
4294967279,243
4294967279,117
4294967279,241
4294967279,116
4294967279,239
4294967279,115
4294967279,114
4294967279,236
4294967279,113
4294967279,112
4294967279,111
4294967279,110
4294967279,109
4294967279,226
4294967279,108
4294967279,224
4294967279,107
4294967279,222
4294967279,106
4294967279,220
4294967279,105
4294967279,104
4294967279,216
4294967279,103
4294967279,102
4294967279,101
4294967279,100
4294967279,99
4294967279,98
4294967279,97
4294967279,23
4294967279,21
4294967279,18
4294967279,15
4294967279,13
4294967278,179
4294967278,177
4294967278,175
4294967279,427
4294967279,426
4294967279,425
4294967278,353
4294967278,163
4294967278,160
4294967278,157
4294967278,352
4294967278,149
4294967278,36
4294967278,35
4294967279,424
4294967278,34
4294967278,146
4294967279,423
4294967278,145
4294967294,428
4294967294,481
4294967278,144
4294967278,351
4294967278,32
4294967279,422
4294967278,143
4294967279,139
4294967278,141
37,6
4294967279,141
37,5
4294967278,140
37,4
4294967279,140
37,3
37,2
37,1
4294967278,139
4294967279,138
4294967278,25
4294967278,137
4294967279,17
4294967279,25
4294967278,24
4294967278,277
4294967294,1430
4294967279,290
4294967278,23
4294967278,276
4294967278,134
4294967279,421
4294967279,22
4294967279,134
4294967278,21
4294967278,133
4294967278,275
4294967278,274
4294967294,1429
4294967278,273
4294967279,270
4294967279,272
4294967278,272
4294967279,271
4294967278,271
4294967278,269
4294967279,268
4294967278,268
4294967294,397
4294967294,396
4294967294,412
4294967294,405
4294967294,154
4294967294,179
4294967294,1076
4294967294,384
4294967294,398
4294967294,456
4294967294,118
4294967294,111
4294967294,472
4294967294,160
4294967279,267
4294967278,283
4294967278,350
4294967278,12
4294967279,132
4294967278,11
4294967278,282
4294967294,1159
4294967294,161
4294967294,1065
4294967294,163
4294967294,173
4294967278,10
4294967278,264
4294967278,281
4294967279,264
4294967278,263
4294967279,263
4294967278,262
4294967278,349
4294967278,348
4294967278,8
4294967279,262
4294967279,261
4294967294,1428
4294967279,259
34,6
4294967279,279
34,5
34,4
4294967279,420
34,3
34,2
34,1
4294967278,347
4294967279,419
4294967278,346
4294967294,1427
4294967279,418
4294967278,255
4294967279,417
4294967278,254
4294967278,345
4294967278,253
4294967278,252
4294967278,249
4294967278,247
4294967278,245
4294967278,243
4294967278,242
4294967294,1426
4294967278,238
4294967278,344
4294967278,237
4294967278,235
4294967278,236
4294967278,233
4294967278,229
31,6
31,5
4294967278,227
31,4
31,3
31,2
31,1
4294967278,225
4294967278,222
4294967278,218
4294967278,215
4294967278,343
4294967278,213
4294967278,212
4294967278,342
4294967278,211
4294967278,210
4294967278,208
4294967278,207
4294967278,206
4294967278,341
4294967279,416
4294967294,50
4294967278,203
4294967278,340
4294967279,415
4294967278,202
4294967294,38
4294967294,37
4294967294,36
4294967278,201
4294967278,339
4294967279,414
4294967278,200
4294967278,196
4294967278,198
28,5
28,4
4294967278,197
28,3
28,2
28,1
4294967294,40
4294967278,195
4294967278,194
4294967278,193
4294967294,120
4294967279,413
4294967279,412
4294967279,411
4294967278,191
26,6
4294967279,410
4294967279,174
4294967278,189
26,5
4294967278,187
26,4
26,3
26,2
26,1
4294967278,186
4294967294,480
4294967294,89
4294967294,159
4294967294,182
4294967294,1075
4294967294,1078
4294967294,1071
4294967294,1155
4294967278,185
4294967278,183
4294967278,184
25,5
4294967278,182
25,4
4294967278,181
25,3
25,2
25,1
4294967278,180
4294967294,186
4294967294,1425
4294967294,388
4294967294,479
4294967294,392
4294967294,389
4294967294,390
4294967279,409
4294967279,408
4294967279,2
4294967279,88
4294967278,178
24,6
4294967294,417
4294967294,129
4294967279,407
4294967279,406
4294967278,176
24,5
